6
NP_990553.1    0.0000000 0.6927016 0.0955913 0.8211244 0.8385882 1.4106286 
NP_776351.2    0.6927016 0.0000000 0.6213886 0.2173604 0.3217205 0.8126097 
XP_009287016.2 0.0955913 0.6213886 0.0000000 0.7503489 0.7830640 1.3969573 
NP_000198.1    0.8211244 0.2173604 0.7503489 0.0000000 0.2585063 0.7577666 
NP_001172012.1 0.8385882 0.3217205 0.7830640 0.2585063 0.0000000 1.0235133 
XP_024110664.1 1.4106286 0.8126097 1.3969573 0.7577666 1.0235133 0.0000000 
